{
 "cells": [
  {
   "cell_type": "code",
   "execution_count": 4,
   "metadata": {},
   "outputs": [
    {
     "name": "stdout",
     "output_type": "stream",
     "text": [
      "[['p_p' 'p_q' 'p_r' 'p_x' 'p_y' 'p_z']\n",
      " ['q_p' 'q_q' 'q_r' 'q_x' 'q_y' 'q_z']\n",
      " ['r_p' 'r_q' 'r_r' 'r_x' 'r_y' 'r_z']\n",
      " ['x_p' 'x_q' 'x_r' 'x_x' 'x_y' 'x_z']\n",
      " ['y_p' 'y_q' 'y_r' 'y_x' 'y_y' 'y_z']\n",
      " ['z_p' 'z_q' 'z_r' 'z_x' 'z_y' 'z_z']]\n",
      "[[0.3933214376752485, 0.05174611266887586, 0.04919704307927607, 0.19423910272750447, 0.10833545755799133, 0.20316084629110376], [0.3737957610789981, 0.04046242774566474, 0.05202312138728324, 0.20809248554913296, 0.10211946050096339, 0.22350674373795762], [0.414, 0.06, 0.028, 0.176, 0.104, 0.218], [0.39028056112224446, 0.05110220440881764, 0.057615230460921846, 0.20140280561122245, 0.10170340681362726, 0.19789579158316634], [0.3775894538606403, 0.0583804143126177, 0.038606403013182675, 0.2128060263653484, 0.1111111111111111, 0.2015065913370998], [0.399, 0.0505, 0.055, 0.205, 0.1055, 0.185]]\n",
      "[[0.3946137311923126, 0.046149955746617774, 0.05158679984827412, 0.1998988494120622, 0.10696674674421545, 0.20078391705651788], [0.3829145728643216, 0.05025125628140704, 0.04924623115577889, 0.20804020100502513, 0.08844221105527639, 0.22110552763819097], [0.41159135559921417, 0.05697445972495088, 0.03536345776031434, 0.1944990176817289, 0.10805500982318271, 0.19351669941060903], [0.3884072330938816, 0.05350507802823879, 0.056229873668565765, 0.20361654694079762, 0.10007431260837256, 0.19816695566014367], [0.3948767520541324, 0.053165780570323826, 0.04736587723537941, 0.208313194780087, 0.10294828419526342, 0.1933301111648139], [0.4033232628398791, 0.04959718026183283, 0.050352467270896276, 0.20090634441087613, 0.1027190332326284, 0.1931017119838872]]\n",
      "[[0.39885270794668465, 0.04783195545807323, 0.05019402733254598, 0.20060738991057872, 0.10469039986502446, 0.19782351948709295], [0.37583892617449666, 0.05503355704697987, 0.052348993288590606, 0.20671140939597316, 0.08657718120805369, 0.22348993288590605], [0.3959290873276428, 0.04990151017728168, 0.04530531845042679, 0.20420223243598162, 0.0984898227183191, 0.206172028890348], [0.3882276210663623, 0.05087233001793576, 0.054622533833360506, 0.2057720528289581, 0.0997880319582586, 0.20071743029512473], [0.3958333333333333, 0.0539021164021164, 0.04894179894179894, 0.2099867724867725, 0.09887566137566138, 0.19246031746031747], [0.3990963855421687, 0.04852744310575636, 0.0498661311914324, 0.2073293172690763, 0.09923025435073628, 0.19595046854082998]]\n",
      "[[0.3992405063291139, 0.04816455696202532, 0.05, 0.20120253164556962, 0.10215189873417721, 0.19924050632911391], [0.38140703517587937, 0.052763819095477386, 0.04824120603015075, 0.2015075376884422, 0.08894472361809046, 0.2271356783919598], [0.39518072289156625, 0.04674698795180723, 0.051566265060240965, 0.20578313253012048, 0.10698795180722892, 0.19373493975903613], [0.38931203931203934, 0.051597051597051594, 0.054914004914004916, 0.2042997542997543, 0.1004914004914005, 0.19938574938574938], [0.3977722772277228, 0.05247524752475247, 0.05173267326732673, 0.2084158415841584, 0.09752475247524753, 0.19207920792079208], [0.394343180389692, 0.049654305468258955, 0.0535512256442489, 0.20465116279069767, 0.10245128849780012, 0.19534883720930232]]\n",
      "[[0.40034217279726264, 0.048508025964876966, 0.050319529009208476, 0.20102651839178784, 0.10119257283751824, 0.19861118099934585], [0.3861902850260939, 0.049779205138498595, 0.04737053392211963, 0.202328382175833, 0.09393817743877961, 0.22039341629867523], [0.3932453416149068, 0.04736024844720497, 0.04930124223602485, 0.20496894409937888, 0.10597826086956522, 0.19914596273291926], [0.39204039204039204, 0.051084051084051084, 0.054648054648054646, 0.20423720423720423, 0.09820809820809821, 0.19978219978219977], [0.39736946990833, 0.05460342766042248, 0.05081705858907931, 0.20366679952172181, 0.09824631327222001, 0.19529693104822637], [0.4010662911175938, 0.04939140931495825, 0.052710994869731416, 0.20008047480132785, 0.10210240418468967, 0.19464842571169902]]\n",
      "[[0.40039373376895365, 0.04938426740387032, 0.050012565971349586, 0.20009215045656362, 0.1012817290776577, 0.1988355533216051], [0.38840772818121255, 0.05063291139240506, 0.04830113257828115, 0.20119920053297802, 0.09360426382411725, 0.217854763491006], [0.39375203384315, 0.049788480312398305, 0.0491376505043931, 0.20305890009762448, 0.10608525870484868, 0.19817767653758542], [0.3948764715635881, 0.05032332946443376, 0.05438567401757586, 0.20129331785773505, 0.09791079422981264, 0.2012104128668546], [0.4004648846089988, 0.0539598206873651, 0.050141125684874645, 0.20288892578449277, 0.0981238585422547, 0.19442138469201395], [0.3981280294166806, 0.04897208758148086, 0.05223132207922447, 0.20115326759150928, 0.10245696139060671, 0.19705833194049807]]\n",
      "[[0.4015314154859024, 0.04848289680835838, 0.0498067840274796, 0.19947760125948188, 0.10179619292972664, 0.1989051094890511], [0.3942279942279942, 0.048773448773448774, 0.04963924963924964, 0.19826839826839826, 0.0911976911976912, 0.2178932178932179], [0.39536183291422183, 0.04889633975970942, 0.04973456272701872, 0.20201173512154233, 0.10589550153674211, 0.1981000279407656], [0.39520445300792123, 0.05009633911368015, 0.05416399058017555, 0.2011703418254478, 0.09826589595375723, 0.20109897951901806], [0.40141743444365696, 0.054429482636428064, 0.05102763997165131, 0.20198440822111977, 0.09808646350106308, 0.1930545712260808], [0.3999282639885222, 0.04878048780487805, 0.051506456241033, 0.19971305595408895, 0.10373027259684361, 0.19634146341463415]]\n",
      "[[0.4006204368125842, 0.04888290038542287, 0.04932159308118948, 0.1997931877291386, 0.10055463290821923, 0.20082724908344562], [0.3958333333333333, 0.04801829268292683, 0.051321138211382115, 0.19740853658536586, 0.09273373983739837, 0.2146849593495935], [0.39629087359687654, 0.04758418740849195, 0.05100048804294778, 0.19960956564177648, 0.10395314787701318, 0.2015617374328941], [0.3950856571214205, 0.04895585844691759, 0.05408278104289108, 0.20176316118544455, 0.09822433412529699, 0.20188820807802926], [0.4018971542685971, 0.05329505741387918, 0.05079880179730405, 0.20219670494258613, 0.09735396904643036, 0.1944583125312032], [0.3992023431170935, 0.04873185019006668, 0.052408549884713655, 0.19798093101514302, 0.1035084439459089, 0.1981678818470742]]\n",
      "[[0.3989291988511196, 0.04846490616547224, 0.05011014751401244, 0.19979922478458492, 0.10192130726973593, 0.20077521541507487], [0.3952855847688123, 0.046010879419764276, 0.05054397098821396, 0.19809610154125112, 0.0929283771532185, 0.2171350861287398], [0.3914829226113273, 0.04777345438824038, 0.050799827064418504, 0.1995244271508863, 0.1054907047124946, 0.20492866407263294], [0.3975870121205382, 0.04914933837429111, 0.053597242299566326, 0.2012120538196375, 0.09752029356165907, 0.2009340598243078], [0.40048677951100786, 0.05343511450381679, 0.05144374377696648, 0.20245602389644873, 0.09757716561566546, 0.1946011726960947], [0.39992254923655673, 0.04884930294312901, 0.052113299402522684, 0.19777605664970127, 0.1023456516928524, 0.19899314007523788]]\n",
      "[[0.39895111914082104, 0.04860483790023085, 0.05038642979022383, 0.19938773461808693, 0.10152564488607849, 0.20114423366455886], [0.3924543776912036, 0.047160139429977446, 0.04982571252819356, 0.19827762969038343, 0.09575558745130203, 0.21652655320893993], [0.3947623666343356, 0.04772065955383123, 0.05063045586808924, 0.19806013579049467, 0.10475266731328807, 0.2040737148399612], [0.398594730238394, 0.048732747804266, 0.054454203262233374, 0.19989962358845673, 0.0978168130489335, 0.20050188205771644], [0.40071591926021677, 0.05240131251864373, 0.05120811375161579, 0.2036392562394352, 0.09684796659043453, 0.19518743163965396], [0.3989271878414622, 0.047978543756829244, 0.05180292043309824, 0.19668222906526273, 0.10335750471838681, 0.20125161418496076]]\n",
      "[[0.39881115058759226, 0.048806595609000636, 0.05053748747380887, 0.19953083720506515, 0.1014393732349458, 0.20087455588958733], [0.3933481976960238, 0.04793756967670011, 0.050724637681159424, 0.19881085098476403, 0.09513192121887774, 0.2140468227424749], [0.39578910120311395, 0.04883227176220807, 0.05042462845010616, 0.19833687190375088, 0.10244161358811041, 0.20417551309271054], [0.39850139352126834, 0.04884177822451684, 0.05391328185680998, 0.19897656142915887, 0.09868871933110979, 0.2010782656371362], [0.4034754276405105, 0.05185989682324192, 0.050773825685582405, 0.20309530274232962, 0.09584577789845235, 0.19494976920988324], [0.40059669107675616, 0.0480517132266522, 0.05126118795768918, 0.19600397794051172, 0.10329084169604918, 0.20079558810234155]]\n",
      "[[0.3973954305064905, 0.04903948661134221, 0.05062814858170112, 0.2006939944396831, 0.10194611091368967, 0.20029682894709339], [0.3940013633265167, 0.047375596455351054, 0.0516359918200409, 0.19631901840490798, 0.09713701431492842, 0.21353101567825494], [0.399772579597141, 0.04775828460038986, 0.04987004548408057, 0.19720597790773228, 0.1012020792722547, 0.20419103313840156], [0.3985374007521939, 0.048934391976598414, 0.053781863769327205, 0.19862097785206853, 0.09828666945257, 0.20183869619724196], [0.402618929222609, 0.051218299353555444, 0.05038952428310956, 0.20346427979446377, 0.0961379081717222, 0.19617105917454003], [0.40010770059235323, 0.0480924568162048, 0.05090924153929, 0.1969678140922083, 0.10293691230686385, 0.20098587465307982]]\n",
      "[[0.39723994371952276, 0.048859934853420196, 0.05024767264807355, 0.20112560954455216, 0.10201800204305841, 0.20050883719137289], [0.39460397601767117, 0.04749132218365415, 0.05222467655411802, 0.19517197854212687, 0.09687598611549385, 0.21363206058693593], [0.4016951717874981, 0.047071288027849253, 0.04919025276222189, 0.19827455728772514, 0.10095353413046769, 0.20281519600423792], [0.3994367066630657, 0.04845865967051198, 0.05289555924225472, 0.1993518268451715, 0.09849917049268876, 0.20135807708630735], [0.4035288725939505, 0.05071799572257867, 0.04941949282004277, 0.2024136877482432, 0.09685304002444241, 0.19706691109074242], [0.40063453231910096, 0.048583769733572875, 0.05068613585107603, 0.19574939795879362, 0.10309238943465464, 0.20125377470280187]]\n",
      "[[0.3977563471757528, 0.04891664131971158, 0.05000805138573294, 0.20157091481633896, 0.10210946306203146, 0.19963858224043227], [0.39602803738317754, 0.0481892523364486, 0.05169392523364486, 0.1953855140186916, 0.09608644859813084, 0.21261682242990654], [0.4028624061215814, 0.04747059657078079, 0.048462519484200085, 0.1972509564970951, 0.10089273062207738, 0.20306079070426528], [0.3984243509400179, 0.048809310653536254, 0.052282900626678605, 0.19992837958818263, 0.09826320501342883, 0.20229185317815576], [0.4036703748317154, 0.05044993977184156, 0.04974137320201233, 0.2016580457734004, 0.09728619003755402, 0.19719407638347622], [0.4005538592629411, 0.04878221969750764, 0.04984733366470212, 0.19527089398565647, 0.10363558900802386, 0.2019101043811688]]\n",
      "[[0.39754064123769906, 0.04893656124170885, 0.05033999966584799, 0.2012931682622425, 0.10203331495497302, 0.19985631463752862], [0.39528867102396514, 0.04820261437908497, 0.05133442265795207, 0.19566993464052287, 0.09722222222222222, 0.21228213507625274], [0.40140007924976884, 0.0467573636243561, 0.049531105534275525, 0.1977281732928279, 0.10210011887465328, 0.20248315942411835], [0.39864887461957793, 0.048794354703856055, 0.05167051269188321, 0.19972576168021136, 0.0983244707534865, 0.20283602555098493], [0.4042145593869732, 0.050535077288941736, 0.04934601664684899, 0.20055489496630996, 0.09789932619896947, 0.19745012551195668], [0.39999337594806744, 0.04911734507998543, 0.05014407312953333, 0.19577385486702215, 0.10340145066737323, 0.2015699003080184]]\n",
      "[[0.39680699390540053, 0.04914847948360412, 0.05038620019740862, 0.20156046814044212, 0.10257414573769721, 0.19952371253544737], [0.3965363555329174, 0.04838915064306634, 0.05157264739589966, 0.19470266140328538, 0.09792436011715268, 0.2108748249076786], [0.40054193866239685, 0.04705012932627171, 0.05111466929424806, 0.19632959724103954, 0.10247567434413105, 0.2024879911319128], [0.39871332182645536, 0.04857994664992939, 0.05171818609759925, 0.199686176055233, 0.09816412992311313, 0.20313823944766984], [0.404219774780349, 0.05005568617745328, 0.05005568617745328, 0.19879965350822917, 0.0978220517262715, 0.19904714763024378], [0.400789457325791, 0.04963635233418288, 0.050537701249456085, 0.19584136259091192, 0.10272269534406664, 0.20047243115559146]]\n",
      "[[0.39697692919649963, 0.049485842246383215, 0.05013406405610065, 0.20140546274197826, 0.10225699048292525, 0.19974071127611304], [0.39803380889581585, 0.04891499820165448, 0.0511929025296727, 0.19242297086680255, 0.09771010670183432, 0.21172521280422013], [0.40112136432659734, 0.04730755752832613, 0.050344585912860645, 0.19635556593855857, 0.10220768601798855, 0.20266324027566873], [0.3997340032510714, 0.04784985961282696, 0.05118959657159746, 0.20002955519432541, 0.09800502438303532, 0.20319196098714348], [0.4032840340048911, 0.04937696517992314, 0.05001746826598346, 0.1986724117852568, 0.09904506812623734, 0.19960405263770817], [0.40121598316331003, 0.049750080383502385, 0.0499546929350209, 0.1958142118032212, 0.1030662652363275, 0.20019876647861798]]\n",
      "[[0.3975722688024027, 0.049778222722785356, 0.050014599758061155, 0.2010317162363214, 0.1021844018965781, 0.19941879058385129], [0.3995034420494301, 0.04852725426024151, 0.05022006545536621, 0.19219049768649138, 0.09807019523755783, 0.211488545310913], [0.40137259242860307, 0.047265884436572946, 0.050254593756918306, 0.19670135045384105, 0.10117334514058003, 0.20323223378348462], [0.3994364311023073, 0.04818235080768909, 0.05116759199843763, 0.20015065703205648, 0.0977038752336579, 0.20335909382585163], [0.4021146538906327, 0.04961726967344017, 0.04950713144996971, 0.19951539181673, 0.0991794702351451, 0.20006608293408226], [0.40183506522219764, 0.04963519787751492, 0.0499115631218218, 0.19644041565332743, 0.1029184169798806, 0.19925934114525756]]\n",
      "[[0.397415292195816, 0.049876165885018704, 0.049876165885018704, 0.20105917689835062, 0.10189966801918111, 0.19987353111661485], [0.39846252402306215, 0.0490070467648943, 0.049967969250480464, 0.19378603459320948, 0.09790732436472346, 0.21086910100363015], [0.4009682172174279, 0.048095137865712484, 0.050410439907387916, 0.19680067354241212, 0.10134708482424752, 0.20237844664281204], [0.40033801626703286, 0.048220133093905146, 0.05080807013837541, 0.1997728953205873, 0.09749656702228794, 0.20336431815781134], [0.4009939837823699, 0.04938529950300811, 0.049071409887522885, 0.2, 0.09971226785247188, 0.20083703897462726], [0.40200308569336574, 0.04952799351481394, 0.049867942783923015, 0.19698752647681808, 0.10203708062027667, 0.19957637091080255]]\n",
      "[[0.3971151199739785, 0.05012885630645282, 0.04972852603397803, 0.20061550779393, 0.10214677108614607, 0.20026521880551454], [0.3993118801861971, 0.04867435741752681, 0.05019226877150374, 0.19287593604533496, 0.09846184982797004, 0.21048370775146732], [0.4014365522745411, 0.047984836392657625, 0.05017956903431764, 0.1972266560255387, 0.10065841979249801, 0.20251396648044692], [0.40151934396538713, 0.048473109624188764, 0.0509131156613171, 0.19897368818232128, 0.097071992755446, 0.20304874981133975], [0.4009033603017819, 0.049684816598004666, 0.049436640690921727, 0.19834218494068595, 0.10061051273142403, 0.2010224847371817], [0.4019225514791724, 0.049305745299187756, 0.050423507787078665, 0.1969497503663777, 0.10218833055962642, 0.19921011450855708]]\n",
      "[[0.39753151135361814, 0.050060759131740094, 0.049917796468822224, 0.2001596416402583, 0.10246848864638185, 0.1998618027591794], [0.39921138680515483, 0.048663204462396616, 0.05087516830159646, 0.19311406039623005, 0.09771109828813233, 0.21042508174648972], [0.4011363636363636, 0.04791666666666667, 0.050189393939393936, 0.19668560606060606, 0.10085227272727272, 0.20321969696969697], [0.4013868227842027, 0.04880272565862086, 0.051130092614808775, 0.1985939824367772, 0.09681366668266232, 0.20327270982292817], [0.40093537414965985, 0.050122826908541196, 0.04950869236583522, 0.19727891156462585, 0.10137944066515495, 0.20077475434618292], [0.4015097732973638, 0.04943442661744522, 0.05045198542287851, 0.19733541577926073, 0.10187420133465852, 0.19939419754839321]]\n",
      "[[0.39786448571590843, 0.04984381212017947, 0.050105071846424716, 0.19985233145907877, 0.1023910944510706, 0.19994320440733798], [0.39985279234520194, 0.04830251173060999, 0.0511546600423222, 0.19265801821694728, 0.0979850952249517, 0.21004692243996687], [0.4016593020110019, 0.047344214987825775, 0.04995941924429615, 0.19541888357832085, 0.10181260708810533, 0.20380557309045], [0.40133587348222277, 0.0488672619184245, 0.05104781141689811, 0.19875134849771617, 0.0969541166479216, 0.20304358803681685], [0.4011978744483473, 0.050256687381788706, 0.04949112852382239, 0.1956678375213906, 0.10262991984148429, 0.20075655228316672], [0.40272188814034454, 0.04941899896007596, 0.0507528145770222, 0.19686214224352308, 0.10161866437581951, 0.19862549170321472]]\n",
      "[[0.3978954684157373, 0.04986588769315973, 0.050137370095670396, 0.19969159599074787, 0.10241402152312487, 0.19999565628155982], [0.4017605633802817, 0.048767605633802814, 0.05088028169014085, 0.19242957746478873, 0.09753521126760563, 0.20862676056338028], [0.40417637414789886, 0.04711364224695832, 0.049357149020623006, 0.1946673569764432, 0.10156182586935887, 0.20312365173871774], [0.4014285714285714, 0.0489010989010989, 0.05103296703296703, 0.19826373626373625, 0.09731868131868132, 0.20305494505494506], [0.4024805133284527, 0.04991171784160889, 0.049394944231514575, 0.1950389733430946, 0.10219198139615003, 0.20098186985917918], [0.40192029063858314, 0.04939125921761131, 0.0508833769435374, 0.19721903855718703, 0.10172350409791753, 0.1988625305451636]]\n",
      "[[0.3975509694079427, 0.049917740894229366, 0.049938565984297884, 0.19997292738291092, 0.10251150586226286, 0.20010829046835626], [0.40079097946819253, 0.04888926287445305, 0.050908784920902055, 0.1931167956916863, 0.09769437899697071, 0.20859979804779535], [0.40261784442051196, 0.04788335680556706, 0.04978874989644603, 0.19501284069256897, 0.10164857923949963, 0.20304862894540635], [0.4017045454545455, 0.04945286195286195, 0.050883838383838385, 0.19821127946127945, 0.09675925925925925, 0.2029882154882155], [0.40293826345328493, 0.04981016837240013, 0.04927368768570485, 0.19478375701551667, 0.10263288213931991, 0.2005612413337735], [0.40163713604807794, 0.049196974406797225, 0.050917003419334785, 0.1974303181017511, 0.10183400683866957, 0.1989845611853694]]\n",
      "[[0.3978073375241103, 0.04989956126762675, 0.049999500304814065, 0.19979812314488163, 0.10249747653931102, 0.19999800121925626], [0.3996768982229402, 0.04951534733441034, 0.05064620355411955, 0.194264943457189, 0.09789983844911147, 0.2079967689822294], [0.40278108859753675, 0.04807310290027811, 0.0498212157330155, 0.19499404052443384, 0.10178784266984506, 0.20254270957489073], [0.401747784925355, 0.04927782497875956, 0.05091637334627989, 0.19810252053242708, 0.09683618562123235, 0.20311931059594612], [0.4035330930407573, 0.049788093634887315, 0.049550441636630096, 0.19352794391412842, 0.10290331524537569, 0.20069711252822117], [0.4014674010299644, 0.04923150339013382, 0.05090171594456485, 0.19692601356053527, 0.10166424750959378, 0.1998091185652079]]\n",
      "[[0.3977527225890789, 0.0498957101800321, 0.0501552332343301, 0.19977508001960842, 0.10229053125330412, 0.2001307227236464], [0.4004500310366232, 0.04973618870266915, 0.05074487895716946, 0.19490999379267535, 0.09722222222222222, 0.2069366852886406], [0.4021548101169099, 0.04806296324596928, 0.05012607931535111, 0.19462061587835255, 0.10147474593107664, 0.2035607855123405], [0.4018471709119191, 0.04925140968306436, 0.05074859031693564, 0.19801672175772894, 0.09688897530624149, 0.20324713202411043], [0.4035020791210468, 0.05016594819364437, 0.049326669972914204, 0.19383511997863656, 0.10258268797924694, 0.20058749475451113], [0.4009360970484287, 0.049269271181583724, 0.050740280829114526, 0.19721081287611042, 0.10159518578660807, 0.20024835227815455]]\n",
      "[[0.39823606715160936, 0.04975290132711422, 0.049900975438206825, 0.19943731837784812, 0.10224517370944157, 0.20042756399577988], [0.3999401734968591, 0.04973078073586599, 0.05055339515405324, 0.19518396649715825, 0.09721806760394855, 0.20737361651211486], [0.40156031500699196, 0.04806064620593214, 0.050195039375873995, 0.19430337822918967, 0.10215647309928608, 0.20372414808272613], [0.4008960035990103, 0.049411411861738024, 0.05134213091399865, 0.19796430981480093, 0.0968171252905451, 0.20356901851990702], [0.4036286175995299, 0.05042603202585574, 0.04921404436609373, 0.19336712208021153, 0.10246804759806082, 0.20089613633024828], [0.40142618220580395, 0.04905258127952068, 0.050688279943393796, 0.1970557424050284, 0.10176251125691496, 0.20001470290933818]]\n",
      "[[0.3988090993368038, 0.04990907794337873, 0.04979319689082222, 0.19946694715824004, 0.1016989945090209, 0.2003226841617343], [0.40123723205294204, 0.04963314630988347, 0.05056826355920011, 0.19529564091497625, 0.09631707667961445, 0.20694864048338368], [0.40103796388454427, 0.04848571022323333, 0.05111616664296886, 0.19394284089293332, 0.10209014645243851, 0.2033271719038817], [0.4016082399710878, 0.049457896638959165, 0.05117455728225515, 0.1976870256595591, 0.09701843151427539, 0.20305384893386338], [0.40377854327213325, 0.05032138925387975, 0.04890088426435598, 0.19393444369473348, 0.10202777087254519, 0.20103696864235235], [0.4015865410211361, 0.04928215230083941, 0.050559903458801396, 0.19732382118582406, 0.10174093595272321, 0.19950664608067578]]\n",
      "[[0.3988016322595086, 0.04993198918714165, 0.04980285473234732, 0.19964186711203705, 0.10182682208715715, 0.19999483462180823], [0.40230443534393, 0.04969806344138266, 0.05087804539459985, 0.19455820087457487, 0.09641146664815714, 0.20614978829735545], [0.39968393568778343, 0.0487838394942971, 0.05118867665246667, 0.19472310017864505, 0.10265219183729558, 0.20296825614951217], [0.4011820495833188, 0.04944384392761254, 0.05111754245266571, 0.19753129467554656, 0.09710938317235608, 0.2036158861885003], [0.40298149417409185, 0.05047978067169294, 0.04883481836874572, 0.19448252227553117, 0.10191912268677177, 0.20130226182316655], [0.40193339389472604, 0.049226128241605674, 0.0502888092830331, 0.19757297362151416, 0.10155459952350754, 0.1994240954356135]]\n"
     ]
    }
   ],
   "source": [
    "# Markov Transition Matrix from a streaming data source\n",
    "import numpy as np\n",
    "import itertools\n",
    "# https://sam-black.medium.com/creating-a-markov-transition-matrix-from-a-streaming-data-source-995fcf28422\n",
    "class MarkovTransitionMatrix:\n",
    "  def __init__(self, states):\n",
    "    self.states = sorted(states)\n",
    "    if len(self.states) < 2:\n",
    "      raise Exception(\"need at least 2 states for a markov process\")\n",
    "    if len(set(states)) != len(self.states):\n",
    "      raise Exception(\"the state vector contains duplicate states\")\n",
    "    self.n_states = len(self.states)\n",
    "    # constructs a square matrix representing the state transition matrix\n",
    "    self.state_transition_matrix = np.zeros((self.n_states, self.n_states))\n",
    "    self.counter = {}\n",
    "    # initializes counts \n",
    "    for state in self.states:\n",
    "      self.counter[state] = 0\n",
    "    self.state_combinations = [\"_\".join(str(_) for _ in a) for a in itertools.product(self.states, repeat=2)]\n",
    "    self.state_combination_matrix = np.array(self.state_combinations).reshape((self.n_states, self.n_states))\n",
    "    for state_combination in self.state_combinations:\n",
    "      self.counter[state_combination] = 0\n",
    "\n",
    "  def observe_state(self, observation, return_state_transitions=True):\n",
    "    if len(observation) != 2:\n",
    "      raise Exception(\"a state observation must be a tuple containing last state and the current state\")\n",
    "    state_combination_key = \"_\".join(str(_) for _ in observation)\n",
    "    self.counter[observation[0]] += 1\n",
    "    self.counter[state_combination_key] += 1\n",
    "    if return_state_transitions:\n",
    "      return self._get_state_transition_matrix()\n",
    "\n",
    "  def _get_state_transition_matrix(self):\n",
    "    for s in self.states:\n",
    "      for t in self.states:\n",
    "        combination_key = \"_\".join((str(s),str(t)))\n",
    "        if self.counter[s] == 0:\n",
    "          continue\n",
    "        else:\n",
    "          self.state_transition_matrix[self.states.index(s)][self.states.index(t)] = float(self.counter[combination_key] / self.counter[s])\n",
    "    return self.state_transition_matrix.copy()\n",
    "    \n",
    "states = [\"x\", \"y\", \"z\",\"p\", \"q\", \"r\"]\n",
    "\n",
    "mtm = MarkovTransitionMatrix(states)\n",
    "\n",
    "print(mtm.state_combination_matrix)\n",
    "\n",
    "observations =np.random.choice(states, size=300000, p=[0.2, 0.1, 0.2, 0.4, 0.05, 0.05])\n",
    "\n",
    "for i in range(0,len(observations)):\n",
    "  if i > 0: \n",
    "    prev = observations[i-1]\n",
    "    current = observations[i]\n",
    "    _obs = (prev, current)\n",
    "    if i % 10000 == 0:\n",
    "      print(mtm.observe_state(_obs, return_state_transitions=True).tolist())\n",
    "    else:\n",
    "      mtm.observe_state(_obs, return_state_transitions=False)"
   ]
  }
 ],
 "metadata": {
  "kernelspec": {
   "display_name": "Python 3",
   "language": "python",
   "name": "python3"
  },
  "language_info": {
   "codemirror_mode": {
    "name": "ipython",
    "version": 3
   },
   "file_extension": ".py",
   "mimetype": "text/x-python",
   "name": "python",
   "nbconvert_exporter": "python",
   "pygments_lexer": "ipython3",
   "version": "3.8.3"
  }
 },
 "nbformat": 4,
 "nbformat_minor": 5
}
